%YAML:1.0
---
calibration_time: "Fri 23 Jun 2017 09:17:37 UTC"
nframes: 10
image_width: 640
image_height: 480
board_width: 9
board_height: 6
square_size: 2.5000000372529030e-02
aspectRatio: 1.
flags: 2
camera_matrix: !!opencv-matrix
   rows: 3
   cols: 3
   dt: d
   data: [ 7.1929683641562622e+02, 0., 3.3322158121865704e+02, 0.,
       7.1929683641562622e+02, 2.3000262304275941e+02, 0., 0., 1. ]
distortion_coefficients: !!opencv-matrix
   rows: 5
   cols: 1
   dt: d
   data: [ -1.1563580719800592e+00, 1.3316862027242178e+00,
       7.8318883938770290e-02, 8.6429372488692983e-03,
       1.8606174974986278e+01 ]
avg_reprojection_error: 4.6774789136535251e+00
per_view_reprojection_errors: !!opencv-matrix
   rows: 10
   cols: 1
   dt: f
   data: [ 2.02448770e-01, 1.25237167e+00, 6.73959970e+00,
       7.05062294e+00, 7.23237514e+00, 6.66762257e+00, 9.23255384e-01,
       1.99410069e+00, 3.61762309e+00, 2.71379948e+00 ]
extrinsic_parameters: !!opencv-matrix
   rows: 10
   cols: 6
   dt: d
   data: [ -3.8715495972961228e-01, 1.2789684666417893e-03,
       -4.4910438156906757e-03, -1.1050915845403191e-01,
       -8.5018244093487821e-03, 1.2966343069720321e+00,
       -3.9152276124328717e-01, 3.8759447385613454e-03,
       -1.6349676699903799e-02, -1.1086145456560387e-01,
       -5.3954428620709175e-03, 1.2961059488965214e+00,
       5.1950966445378466e-01, -2.7853092365187937e-01,
       5.3528780004718624e-01, -2.9088771687235482e-01,
       -3.3252583414097614e-01, 1.1648532882000258e+00,
       -3.7109870855871052e-01, 2.7024342393581902e-01,
       -1.0030094007854137e-01, 3.7866764306312854e-02,
       -3.0668815340219779e-01, 1.3632024832673075e+00,
       7.2467761689232812e-01, -1.3550589215765746e-01,
       -2.0896120965676362e-01, 2.9750518318690692e-02,
       -2.7953509163186907e-01, 1.2493529114414528e+00,
       6.3767533887703842e-01, -8.9747505269327649e-02,
       -1.9966534289484650e-01, 2.8902455703435130e-02,
       -2.9123427865453039e-01, 1.2755515835330340e+00,
       -5.3547977403544422e-01, 1.1655410021476517e-01,
       5.3327927580391632e-01, 1.3819573619473882e-01,
       9.1197093862648973e-02, 1.1530886857507892e+00,
       -3.7100315834315739e-01, -1.3721047493062799e-02,
       1.7411701990825068e-01, -1.1874245790683928e-01,
       -1.4012495812081268e-02, 1.2883951531457367e+00,
       -3.5354348235852429e-01, 1.6611570752723559e-01,
       7.2096797082601505e-01, 9.7792981277746941e-03,
       -1.4637668857863800e-01, 1.3605626975218337e+00,
       -3.7874861471386528e-01, 1.8992230102764715e-01,
       7.2328179250328917e-01, 1.0350560917630919e-02,
       -1.4491944105564786e-01, 1.3611523878175249e+00 ]
image_points: !!opencv-matrix
   rows: 10
   cols: 54
   dt: "2f"
   data: [ 2.72392059e+02, 2.25332275e+02, 2.86198425e+02,
       2.25399567e+02, 2.99917908e+02, 2.25385666e+02, 3.13719177e+02,
       2.25390244e+02, 3.27534424e+02, 2.25306091e+02, 3.41280518e+02,
       2.25228607e+02, 3.55054352e+02, 2.25035507e+02, 3.68784698e+02,
       2.24958405e+02, 3.82582428e+02, 2.24751923e+02, 2.71812103e+02,
       2.38234833e+02, 2.85906952e+02, 2.38084930e+02, 2.99646912e+02,
       2.38077759e+02, 3.13685181e+02, 2.38165314e+02, 3.27572968e+02,
       2.37967697e+02, 3.41367432e+02, 2.37994049e+02, 3.55281952e+02,
       2.37890686e+02, 3.69251709e+02, 2.37794830e+02, 3.83161926e+02,
       2.37632355e+02, 2.71476807e+02, 2.51431152e+02, 2.85430908e+02,
       2.51413254e+02, 2.99481506e+02, 2.51388092e+02, 3.13523468e+02,
       2.51354813e+02, 3.27564392e+02, 2.51368698e+02, 3.41487000e+02,
       2.51345947e+02, 3.55598541e+02, 2.51264435e+02, 3.69642914e+02,
       2.51146759e+02, 3.83679565e+02, 2.51002060e+02, 2.70856384e+02,
       2.64888763e+02, 2.84954132e+02, 2.64928925e+02, 2.99036255e+02,
       2.64819305e+02, 3.13406616e+02, 2.64852631e+02, 3.27539246e+02,
       2.64745941e+02, 3.41676941e+02, 2.64781708e+02, 3.56019257e+02,
       2.64575195e+02, 3.70089233e+02, 2.64412109e+02, 3.84191223e+02,
       2.64309845e+02, 2.70540863e+02, 2.78542053e+02, 2.84690948e+02,
       2.78460205e+02, 2.98814514e+02, 2.78434479e+02, 3.13286774e+02,
       2.78295654e+02, 3.27502594e+02, 2.78246338e+02, 3.41899506e+02,
       2.78164368e+02, 3.56209198e+02, 2.78109802e+02, 3.70378235e+02,
       2.78074585e+02, 3.84520142e+02, 2.78013062e+02, 2.70062714e+02,
       2.92489532e+02, 2.84423035e+02, 2.92428345e+02, 2.98653168e+02,
       2.92311768e+02, 3.13066223e+02, 2.92190399e+02, 3.27507141e+02,
       2.91980103e+02, 3.41915497e+02, 2.92031342e+02, 3.56332703e+02,
       2.92040802e+02, 3.70636078e+02, 2.91994690e+02, 3.85173615e+02,
       2.91729736e+02, 2.72160156e+02, 2.34205368e+02, 2.85227417e+02,
       2.26288239e+02, 2.99633545e+02, 2.26503677e+02, 3.13559296e+02,
       2.26215729e+02, 3.27282410e+02, 2.25878174e+02, 3.41176300e+02,
       2.25746338e+02, 3.54937408e+02, 2.25552444e+02, 3.68761597e+02,
       2.25319168e+02, 3.82438416e+02, 2.25032333e+02, 2.72159363e+02,
       2.34266708e+02, 2.85673309e+02, 2.39539474e+02, 2.99553650e+02,
       2.39464676e+02, 3.13583466e+02, 2.39484924e+02, 3.27530273e+02,
       2.39286285e+02, 3.41322876e+02, 2.39131927e+02, 3.55236084e+02,
       2.38654892e+02, 3.69086884e+02, 2.38396942e+02, 3.83093079e+02,
       2.38029312e+02, 2.71536560e+02, 2.53174927e+02, 2.85455750e+02,
       2.52892517e+02, 2.99521057e+02, 2.52445892e+02, 3.13657684e+02,
       2.52367813e+02, 3.27720154e+02, 2.52286713e+02, 3.41623413e+02,
       2.52028275e+02, 3.55749786e+02, 2.51769745e+02, 3.69773224e+02,
       2.51539062e+02, 3.83754242e+02, 2.51427612e+02, 2.71206390e+02,
       2.66568420e+02, 2.85351929e+02, 2.66356415e+02, 2.99371613e+02,
       2.66151855e+02, 3.13712341e+02, 2.65961456e+02, 3.27714661e+02,
       2.65646240e+02, 3.41930786e+02, 2.65590576e+02, 3.56067993e+02,
       2.65339966e+02, 3.70291168e+02, 2.65059937e+02, 3.84415100e+02,
       2.64821838e+02, 2.70844666e+02, 2.80324249e+02, 2.85177673e+02,
       2.79947754e+02, 2.99439240e+02, 2.79633270e+02, 3.13717621e+02,
       2.79510986e+02, 3.28000458e+02, 2.79456268e+02, 3.42216461e+02,
       2.79212830e+02, 3.56533112e+02, 2.78951752e+02, 3.70731018e+02,
       2.78647583e+02, 3.84993164e+02, 2.78509583e+02, 2.70507233e+02,
       2.94261200e+02, 2.84949646e+02, 2.94042725e+02, 2.99295898e+02,
       2.93661621e+02, 3.13709351e+02, 2.93512909e+02, 3.28195007e+02,
       2.93300842e+02, 3.42562103e+02, 2.93122925e+02, 3.56951355e+02,
       2.92834686e+02, 3.71293304e+02, 2.92597900e+02, 3.85895721e+02,
       2.92357819e+02, 1.78641602e+02, 6.07908401e+01, 1.88734100e+02,
       6.52934723e+01, 2.10249741e+02, 6.79165192e+01, 2.12298386e+02,
       7.41548615e+01, 2.22503906e+02, 7.85871506e+01, 2.33534027e+02,
       8.36161728e+01, 2.50361237e+02, 9.89175491e+01, 2.56171143e+02,
       1.00234528e+02, 2.70954987e+02, 8.92251434e+01, 1.77839691e+02,
       6.51391144e+01, 1.77601746e+02, 6.47471085e+01, 1.83403275e+02,
       8.19124985e+01, 2.05004562e+02, 8.38076324e+01, 2.15815170e+02,
       8.87293243e+01, 2.27512177e+02, 9.35467377e+01, 2.38651199e+02,
       1.04567863e+02, 2.51432068e+02, 1.09338364e+02, 2.54746826e+02,
       1.11289833e+02, 1.67063339e+02, 8.94139481e+01, 1.76439301e+02,
       8.47938690e+01, 1.87991379e+02, 8.93973465e+01, 2.00128464e+02,
       1.04268700e+02, 2.15228378e+02, 1.09078270e+02, 2.20971848e+02,
       1.11227936e+02, 2.32500534e+02, 1.13306297e+02, 2.39064438e+02,
       1.04770409e+02, 2.55358627e+02, 1.12082970e+02, 1.60287552e+02,
       8.92505417e+01, 1.70073181e+02, 9.45134811e+01, 1.85876709e+02,
       1.09707565e+02, 1.96955902e+02, 1.14472679e+02, 2.03645187e+02,
       1.16124718e+02, 2.15488739e+02, 1.09554665e+02, 2.20326828e+02,
       1.22695282e+02, 2.38216888e+02, 1.30159698e+02, 2.41885406e+02,
       1.31745392e+02, 1.56996597e+02, 1.09929840e+02, 1.64873474e+02,
       1.13611824e+02, 1.79324921e+02, 1.18787086e+02, 1.85506393e+02,
